% Some of the vectors of poles obtained from the adaptive aproach in
% Druskin & Simoncini paper 'Adaptive rational Krylov subspaces for
% large-scale dynamical systems'

% n = 100; rhs = ones(n, 1);
p = [9.67435416027250,200.000000000001,9.67435416027250,9.67435416027250,9.67435416027250,9.67435416027250,9.67435416027250,9.67435416027250,9.67435416027250,20204.8642973152,9.67435416027250,28462.1923470317];

% n = 100; rhs = alternate 1&-1;
p = [9.67435416027250,39800,3520.30743086646,14847.6341000200,392.950347580557,26283.6258851019,9.67435416027250,1464.36863025500,7225.88811522342,125.291872387335,815.095303273621,33932.8301511720];

% n = 100; rhs = randn(n, 1);
p = [9.67435416027250,22420.5608131900,724.657292321122,6080.70648849845,9.67435416027250,35140.3696538163,9.67435416027250,9.67435416027250,9.67435416027250,9.67435416027250,9.67435416027250,9.67435416027250,9.67435416027250,9.67435416027250,9.67435416027250,12725.4839864210,9.67435416027250,38600.4282317467,3196.58863457359,8926.19540775568];

% n = 500; rhs = ones(n, 1);
p = [9.83021189253562,1000.00000000001,9.83021189253562,37834.7018953791,9.83021189253562,9.83021189253562,9.83021189253562,9.83021189253562,9.83021189253562,9.83021189253562,284713.686991583];

% n = 500; rhs = alternate 1&-1;
p = [9.83021189253562,999000.000000000,43943.1249996633,324424.083367799,3430.51092280044,144461.991178236,477.052749939111,664391.128296306,11470.8869531968,9.83021189253562,81898.1921678425,1284.61994030872];

% n = 500; rhs = randn(n, 1);
p = [9.83021189253562,427254.708707002,4406.22115933729,107609.033265746,288.963248955234,841450.225914180,9.83021189253562,30072.8973997282,9.83021189253562,219591.214627025,9.83021189253562,9.83021189253562,9.83021189253562,9.83021189253562,9.83021189253562,9.83021189253562,9.83021189253562,946400.197868451,9.83021189253562,15465.1031725780,58102.6350667405,9.83021189253562,593296.437284169];
